[array([0.202514, 0.586723]), array([0.566581, 0.045364]), array([0.511508, 0.325146, 0.379547]), array([0.948389, 0.894513, 0.851638, 0.552196]), array([0.37454 , 0.950714, 0.731994, 0.598658]), array([0.950533, 0.022066, 0.982521, 0.086132, 0.814387]), array([0.005884, 0.491672, 0.32268 , 0.296307, 0.420428, 0.957164]), array([0.056447, 0.065956, 0.022929, 0.038786, 0.403935, 0.801055,
       0.488307, 0.893085])]
[array([0.489595, 0.116877]), array([0.723782, 0.206887]), array([0.624245, 0.12209 , 0.649638]), array([0.660226, 0.174945, 0.883471, 0.434892]), array([0.608145, 0.136893, 0.454197, 0.808606]), array([0.035314, 0.958363, 0.652373, 0.898668, 0.361383]), array([0.005102, 0.628278, 0.597548, 0.521903, 0.408464, 0.804825]), array([0.121691, 0.771271, 0.03259 , 0.825315, 0.045019, 0.960567,
       0.194183, 0.941319])]
[array([0.020026, 0.996624]), array([0.702637, 0.926564]), array([0.103448, 0.310345, 0.655172]), array([0.413793, 0.413793, 0.275862, 0.448276]), array([0.224189, 0.84648 , 0.879484, 0.878516]), array([0.728186, 0.154693, 0.732552, 0.693997, 0.056401]), array([0.012457, 0.520326, 0.58038 , 0.11014 , 0.350434, 0.713905]), array([0.119997, 0.027034, 0.268042, 0.182266, 0.646048, 0.361599,
       0.189501, 0.526882])]
[array([0.956717, 0.004359]), array([0.010819, 0.996021]), array([0.961652, 0.050285, 0.098238]), array([0.406239, 0.409937, 0.37737 , 0.422212]), array([0.258008, 0.925806, 0.879484, 0.957644]), array([0.097024, 0.177365, 0.70421 , 0.998443, 0.01298 ]), array([0.051113, 0.985239, 0.265632, 0.008732, 0.974812, 0.652092]), array([0.151419, 0.139627, 0.104801, 0.144751, 0.854834, 0.51486 ,
       0.167028, 0.492837])]
[array([0.985825, 0.98681 ]), array([0.999067, 0.028224]), array([0.997172, 0.018252, 0.743186]), array([0.006379, 0.978355, 0.965747, 0.395155]), array([0.274937, 0.803879, 0.952871, 0.996928]), array([0.800599, 0.033663, 0.962069, 0.962299, 0.009327]), array([0.025094, 0.105987, 0.131162, 0.177208, 0.382072, 0.610314]), array([0.110366, 0.24412 , 0.309408, 0.147372, 0.900342, 0.686379,
       0.048773, 0.630922])]
